JobId: 12
Tag: 0
Footprint: 0
MPIRank: -1

JobId: 11
DependsOn: 12
Tag: 0
Footprint: 0
MPIRank: -1

Name: sgeqrt
Model: sgeqrt
JobId: 10
DependsOn: 9
Tag: 0
WorkerId: 7
SubmitTime: 1911.497862
StartTime: 1918.548865
EndTime: 1968.518757
Footprint: b7e5cdac
Parameters: M320x320x4_M32x320x4_V42240x1
Handles: 14f5fb0 1506d30 15044c0
Modes: RW W S
Sizes: 409600 40960 42240
MPIRank: -1

JobId: 14
DependsOn: 10
Tag: 0
Footprint: 0
MPIRank: -1

JobId: 13
DependsOn: 14
Tag: 0
Footprint: 0
MPIRank: -1

