JobId: 12
Tag: 0
Footprint: 0
MPIRank: -1

JobId: 11
DependsOn: 12
Tag: 0
Footprint: 0
MPIRank: -1

Name: sgeqrt
Model: sgeqrt
JobId: 10
DependsOn: 9
Tag: 0
WorkerId: 1
SubmitTime: 1925.533380
StartTime: 1925.546208
EndTime: 2276.306915
Footprint: 89dae238
Parameters: M64x64x4_M32x64x4_V8448x1
Handles: 1515fc0 1522bd0 151c350
Modes: RW W S
Sizes: 16384 8192 8448
MPIRank: -1

JobId: 14
DependsOn: 10
Tag: 0
Footprint: 0
MPIRank: -1

JobId: 13
DependsOn: 14
Tag: 0
Footprint: 0
MPIRank: -1

