JobId: 12
Tag: 0
Footprint: 0
MPIRank: -1

JobId: 11
DependsOn: 12
Tag: 0
Footprint: 0
MPIRank: -1

Name: sgeqrt
Model: sgeqrt
JobId: 10
DependsOn: 9
Tag: 0
WorkerId: 2
SubmitTime: 1912.937296
StartTime: 1912.959409
EndTime: 1975.014202
Footprint: bca8eebc
Parameters: M512x512x4_M32x512x4_V67584x1
Handles: c19fb0 c30df0 c2e580
Modes: RW W S
Sizes: 1048576 65536 67584
MPIRank: -1

JobId: 14
DependsOn: 10
Tag: 0
Footprint: 0
MPIRank: -1

JobId: 13
DependsOn: 14
Tag: 0
Footprint: 0
MPIRank: -1

