JobId: 12
Tag: 0
Footprint: 0
MPIRank: -1

JobId: 11
DependsOn: 12
Tag: 0
Footprint: 0
MPIRank: -1

Name: sgeqrt
Model: sgeqrt
JobId: 10
DependsOn: 9
Tag: 0
WorkerId: 7
SubmitTime: 1977.007459
StartTime: 1984.827103
EndTime: 1998.577518
Footprint: 20c50a63
Parameters: M128x128x4_M32x128x4_V16896x1
Handles: 13c6fc0 13e1c90 13cf410
Modes: RW W S
Sizes: 65536 16384 16896
MPIRank: -1

JobId: 14
DependsOn: 10
Tag: 0
Footprint: 0
MPIRank: -1

JobId: 13
DependsOn: 14
Tag: 0
Footprint: 0
MPIRank: -1

