JobId: 12
Tag: 0
Footprint: 0
MPIRank: -1

JobId: 11
DependsOn: 12
Tag: 0
Footprint: 0
MPIRank: -1

Name: sgeqrt
Model: sgeqrt
JobId: 10
DependsOn: 9
Tag: 0
WorkerId: 1
SubmitTime: 1910.390375
StartTime: 1910.407639
EndTime: 1936.753467
Footprint: 3ed82227
Parameters: M256x256x4_M32x256x4_V33792x1
Handles: 1d69fb0 1d78c70 1d76400
Modes: RW W S
Sizes: 262144 32768 33792
MPIRank: -1

JobId: 14
DependsOn: 10
Tag: 0
Footprint: 0
MPIRank: -1

JobId: 13
DependsOn: 14
Tag: 0
Footprint: 0
MPIRank: -1

